The frequency distribution of matching code is - 
0 39

1 7

2 5

3 1

4 0

5 2

6 0

7 4

8 0

9 0

10 0

11 0

12 0

13 0

14 0

15 0

16 0

17 0

18 0

19 0

20 0

21 0

22 0

23 0

24 0

25 0

26 0

27 0

28 0

29 0

30 0

31 0

32 0

33 0

34 0

35 0

36 0

37 0

38 0

39 0

40 0

41 0

42 0

43 0

44 0

45 0

46 0

47 0

48 0

49 0

The frequency distribution of matching example is - 
0 0

1 252

2 338

3 118

4 123

5 48

6 17

7 28

8 20

9 20

10 9

11 7

12 1

13 0

14 0

15 0

16 0

17 0

18 0

19 2

20 0

21 0

22 0

23 0

24 0

25 0

26 0

27 0

28 0

29 0

30 0

31 0

32 0

33 1

34 0

35 0

36 0

37 0

38 0

39 0

40 0

41 0

42 0

43 0

44 0

45 0

46 0

47 0

48 0

49 0

