The frequency distribution of matching code is - 
0 2409

1 2320

2 1210

3 695

4 385

5 253

6 140

7 67

8 50

9 31

10 17

11 21

12 9

13 5

14 7

15 0

16 1

17 0

18 5

19 0

20 3

21 0

22 0

23 0

24 0

25 0

26 0

27 0

28 0

29 0

30 0

31 0

32 0

33 0

34 0

35 0

36 0

37 0

38 0

39 0

40 0

41 0

42 0

43 0

44 0

45 0

46 0

47 0

48 0

49 0

The frequency distribution of matching example is - 
0 0

1 1741

2 636

3 509

4 414

5 243

6 289

7 184

8 132

9 132

10 96

11 67

12 61

13 100

14 63

15 65

16 42

17 28

18 47

19 35

20 22

21 18

22 10

23 3

24 16

25 1

26 10

27 7

28 4

29 6

30 17

31 10

32 10

33 6

34 1

35 4

36 13

37 1

38 8

39 2

40 3

41 1

42 2

43 12

44 1

45 0

46 0

47 2

48 0

49 0

